INDEX AVCTORVM 407

79Ξ4ἑ4119 997. 3, 94949 9.Π 17914ὲ1ὲ119 997. 9, 36949
9 ⁰· 1 ’
- 991. 4, 91949 949. 9, 69. - 997. 9, 469 9.ΙΠΙ9, 11
16, 4994. - 991. 9, 479 9. Ι 19, 47 ’
- 991. 4, 999 949. 16, 61 - 997. 9, 47949 9. IIII 16, 6
- 997. 4, 309 9. Π 19, 1194. - 991. 9, 499 9. III 18, 9
- 997. 4, 91-999 9. 111 14, 41 - 997. 9, 999 epo. 9, 19
- 991. 4, 38949 9. Ι 4, 99 - 997. 9, 699 9. Π116, 99
- 997. 6, 99 9. 11119,19 - 997. 9, 689 9. ΙΠ 99, 94
- 997. 6, 89 9. Π6, 19 - 991. 10, 169 9. Ι 98, 90. ΙΠ
- 997. 6, 90 949 9. Ι 9, 1 11, 16
- 991. 9, 499 911119, 14 - ecl. 19, 999 91111999
- 991. 6, 449 9116, 1 - 991. 10, 439 9. ΠΙ 9, 94
- 9916, 709 9. 14, 3. 1Π17, 16 - 997. 10, 69949 9. ΠΠ 9, 17
- 991. 6, 899 9. Π 4, 3 - 997. 10, 79 949 949. 11, 9
- 997. 6, 3949 9. ΠΠ 16, 194. - 4999 “ 99. 10,46. a. p. 333
-997, 6,39 9110, 31 -49 6-79 9. 9.1
- 991. 6, 409 9. I 17, 6 - 49. Ι 109 9. Π 9, 41
-997, 6, 419 9.Ι9,9 -4911499Π1, 38
— 997. 6, 649 9. Ι 91, 7 - 49143949 9.Ι19,99. ΠΠ7,1
- 991. 6, 69 949 9. Ι 10, 3694. - 49. Ι 66 949 9. Ι 4, 10
- 9919999 911999. 1111119 -491999 91919
- 997. 7, 19 9499. 9, 93 - 491699 9. 1 9,9
-997, 7, 79 9117747944 -491999 914, 10
-999, 9199 9. 1111 14, 91 -4911999 499199
- 997. 7, 91949 9. Π 19,3 - 49. Ι 109 949 9. ΙΠ 13, 16
- 991. 7, 949 9. ΙΠ 14, 91 - 4911909 949. 9, 36
- 991. 7, 969 9. Ι 1, 99 —- 491 197 949 9499. 16, 43
- 997. 7, 709 9. ΙΠ 3, 18 -4911399 9.Π19, 10
- 997. 8,119 941. Ι 1, 1 - 491160949 9. ΙΠ 93, 7
- 991. 8, 169 4111112, 9 - 49. Ι 1869 9. Ι 1, 35
—- 997. 8, 979 9. 133, 8 —- 49. 1909949 9. ΠΙ 99, 34
- 997. 8, 989 9.1 9,9 - 4919069 9.Π11,98. ΙΠ7,6
- 991. 8, 369 9134, 9 -49, 19999 9. Π 19, 1394.
-997.8,4199.18,3 -49.199499.13,6
- 997. 8, 499 9. 1 19,1 - 4919979 9. Ι 90,1
- 997. 8, 669 9. Π6, 19 - 49. 19349 9.ΙΠ3, 66
- 999. 8, 95: 9119, 14 -4919999 9. 1119, 99
- 991. 8, 719 9. Π 13, 36 - 49. Ι 9499 9. ΙΠ 94, 38
- 991. 8, 769 9. ΙΠ 19, 11 - 49. 19669 9. I 93, 19
- 991. 8, 949 epo. 6, 91 - 4919669 916, 94
- 997. 8, 969 9. Ι 97, 99 - 49. I 9799 9. IIII 4, 66
- 997. 9, 21: 919117 - 49. Ι 274: 9. Ι 90,1
- 997. 9, 969 epo. 6, 19 -491981949 9111961
—- 991. 9, 309 91 98, 96 47. - 491309991119916190-39

- 994 9, 36.- 9. ΠΙ 14, 21 - 491 3139 ΗΚ Ψ

 

